#Gaits for the Spider
#  # - comment, @ - gait name, ~ - end of gait
#  servos, positions, time
#Open in eclipse to get right spacing


@standUp
0

0		1		2		3		4		5		6		7		8		9		10		11		12		13		14		15		16		17
1500	700		1230	1500	700		1230	1500	700		1230	1500	700		1230	1500	700		1230	1500	700		1230	
2000

0		1		2		3		4		5		6		7		8		9		10		11		12		13		14		15		16		17
1500	1100	1230	1500	1100	1230	1500	1100	1230	1500	1100	1230	1500	1100	1230	1500	1100	1230	
500

0		1		2		3		4		5		6		7		8		9		10		11		12		13		14		15		16		17
1500	1450	1550	1500	1450	1550	1500	1450	1550	1500	1450	1550	1500	1450	1550	1500	1450	1550	
500
~

@sitDown
0

0		1		2		3		4		5		6		7		8		9		10		11		12		13		14		15		16		17
1500	1450	1550	1500	1450	1550	1500	1450	1550	1500	1450	1550	1500	1450	1550	1500	1450	1550	
500

0		1		2		3		4		5		6		7		8		9		10		11		12		13		14		15		16		17
1500	1100	1230	1500	1100	1230	1500	1100	1230	1500	1100	1230	1500	1100	1230	1500	1100	1230	
2000

0		1		2		3		4		5		6		7		8		9		10		11		12		13		14		15		16		17
1500	700		1230	1500	700		1230	1500	700		1230	1500	700		1230	1500	700		1230	1500	700		1230	
2000
~

#-------------------------------------------------------------------------

@stand
0

#bring down all legs
1		2		4		5		7		8		10		11		13		14		16		17
1450	1550	1450	1550	1450	1550	1450	1550	1450	1550	1450	1550	
500

#raise and position legs 1 & 4
3		4		5		12		13		14
1500	1100	1230	1500	1100	1230
300

4		5		13		14
1450	1550	1450	1550
200

#raise and position legs 0 & 3
0		1		2		9		10		11
1500	1100	1230	1500	1100	1230
300

1		2		10		11
1450	1550	1450	1550
200

#raise and position legs 2 & 5
6		7		8		15		16		17
1500	1100	1230	1500	1100	1230
300

7		8		16		17
1450	1550	1450	1550
200
~

#-------------------------------------------------------------------------

@walk1Prepare
0

#bring down all legs
1		2		4		5		7		8		10		11		13		14		16		17
1450	1550	1450	1550	1450	1550	1450	1550	1450	1550	1450	1550	
500

#raise and position legs 1 & 4
3		4		5		12		13		14
1500	700		1230	1500	700		1230
300

4		5		13		14
1430	1490	1430	1490
200

#raise and position legs 0 & 3
0		1		2		9		10		11
1780	700		1230	1780	700		1230
300

1		2		10		11
1450	1550	1450	1550
200

#raise and position legs 2 & 5
6		7		8		15		16		17
1220	700		1230	1220	700		1230
300

7		8		16		17
1450	1550	1450	1550
200
~

@walk1
0
#legs 5 & 0 parallel forward, legs 2 & 3 parallel backwards, legs 1 & 4 to the sides

#raise legs 1,3,5
4		10		16
1200	1200	1200
200		

#forward 1,3,5 & back 0,2,4 (each motion has two movements)
3				11				17				1		2				7		8				12		13		14
1850			1350			1750			1450	1550			1450	1550			1500	1430	1490
200

4		5				10				16				1		2				7		8				12		13		14
1490	1480			1540			1540			1540	1350			1540	1750			1850	1490	1480
200

#raise legs 0,2,4
1		7		13
1200	1200	1200
200	

#forward 0,2,4 & back 1,3,5 (each motion has two movements)
12				8				2				16		17				10		11				3		4		5
1150			1350			1750			1450	1550			1450	1550			1500	1430	1490
200

13		14				7				1				16		17				10		11				3		4		5
1490	1480			1540			1540			1540	1350			1540	1750			1150	1490	1480
200
~

@walk1Incline
0
# For walking up inclines

#raise legs 1,3,5
16		17			4		5			10		11
800		1230	 	800		1230	 	800		1230
400		

#forward 1,3,5 & back 0,2,4 (each motion has two movements)
3				11				17				1		2				7		8				12		13		14
1850			1450			1850			1500	1650			1500	1650			1500	1430	1490
400

4		5				10				16				1		2				7		8				12		13		14
1490	1480			1500			1550			1500	1450			1550	1850			1850	1490	1480
400

#raise legs 0,2,4
1		2			7		8			13		14
800		1230	 	800		1230	 	800		1230
400	

#forward 0,2,4 & back 1,3,5 (each motion has two movements)
12				8				2				16		17				10		11				3		4		5
1150			1450			1850			1500	1650			1500	1650			1500	1430	1490
400

13		14				7				1				16		17				10		11				3		4		5
1490	1480			1500			1550			1500	1450			1550	1850			1150	1490	1480
400
~

@walk1Gravel
0
# For walking through terrain with rocks or other surface that the legs might go through

#raise legs 1,3,5
16		17			4		5			10		11
800		1230	 	800		1230	 	800		1230
400		

#forward 1,3,5 & back 0,2,4 (each motion has two movements)
3				11				17				1		2				7		8				12		13		14
1610			1440			1660			1450	1550			1450	1550			1500	1450	1550
300

4		5				10				16				1		2				7		8				12		13		14
1450	1550			1500			1500			1500	1440			1500	1660			1610	1450	1550
300

#raise legs 0,2,4
1		2			7		8			13		14
800		1230	 	800		1230	 	800		1230
400	

#forward 0,2,4 & back 1,3,5 (each motion has two movements)
12				8				2				16		17				10		11				3		4		5
1390			1440			1660			1450	1550			1450	1550			1500	1450	1550
300

13		14				7				1				16		17				10		11				3		4		5
1450	1550			1500			1500			1500	1440			1500	1660			1390	1450	1550
300
~

#-------------------------------------------------------------------------

@walk2Prepare
30

#bring down all legs
1		2		4		5		7		8		10		11		13		14		16		17
1450	1550	1450	1550	1450	1550	1450	1550	1450	1550	1450	1550	
500

#raise and position legs 0 & 3
0		1		2		9		10		11
1500	700		1230	1500	700		1230
300

1		2		10		11
1450	1550	1450	1550
200

#raise and position legs 5 & 2
15		16		17		6		7		8
940		700		1230	940		700		1230
300

16		17		7		8
1450	1550	1450	1550
200

#raise and position legs 1 & 4
3		4		5		12		13		14
2060	700		1230	2060	700		1230
300

4		5		13		14
1450	1550	1450	1550
200
~

@walk2
30
# For walking up inclines

#raise legs 0,2,4
1		7		13
1200	1200	1200
200	

#forward 0,2,4 & back 1,3,5 (each motion has two movements)
2			8		14			16		17			4		5			10		11
1750		1450	1450		1450	1550		1450	1550		1500	1650
200

1			7		13			16		17			4		5			10		11
1540		1500	1500		1540	1350		1540	1350		1550	1850
200

#raise legs 1,3,5
16		4		10
1200 	1200 	1200
200	

#forward 1,3,5 & back 0,2,4 (each motion has two movements)
17		5			11			1		2			7		8			13		14
1750	1750		1450		1450	1550		1500	1650		1500	1650
200

16		4			10			1		2			7		8			13		14
1540	1540		1500		1540	1350		1550	1850		1550	1850
200
~

@walk2Incline
30
# For walking up inclines

#raise legs 0,2,4
1		2			7		8			13		14
800		1230	 	800		1230	 	800		1230
400	

#forward 0,2,4 & back 1,3,5 (each motion has two movements)
2			8		14			16		17			4		5			10		11
1850		1450	1450		1500	1650		1500	1650		1500	1650
400

1			7		13			16		17			4		5			10		11
1550		1500	1500		1500	1450		1550	1850		1550	1850
400

#raise legs 1,3,5
16		17			4		5			10		11
800		1230	 	800		1230	 	800		1230
400		

#forward 1,3,5 & back 0,2,4 (each motion has two movements)
17		5			11			1		2			7		8			13		14
1850	1850		1450		1500	1650		1500	1650		1500	1650
400

16		4			10			1		2			7		8			13		14
1540	1540		1500		1500	1450		1550	1850		1550	1850
400
~

@walk2Gravel
30
# For walking through terrain with rocks or other surface that the legs might go through

#raise legs 0,2,4
1		2			7		8			13		14
800		1230	 	800		1230	 	800		1230
400	

#forward 0,2,4 & back 1,3,5 (each motion has two movements)
2			8		14			16		17			4		5			10		11
1690		1410	1410		1450	1550		1450	1550		1450	1550
300

1			7		13			16		17			4		5			10		11
1540		1540	1540		1540	1410		1540	1410		1540	1690
300

#raise legs 1,3,5
16		17			4		5			10		11
800		1230	 	800		1230	 	800		1230
400	

#forward 1,3,5 & back 0,2,4 (each motion has two movements)
17		5			11			1		2			7		8			13		14
1690	1690		1410		1450	1550		1450	1550		1450	1550
300

16		4			10			1		2			7		8			13		14
1540	1540		1540		1540	1410		1540	1690		1540	1690
300
~

#-------------------------------------------------------------------------

@turnC
0
#turns Clockwise

#raise legs 1,3,5(group one)
4		10		16
1200	1200	1200
200	

# move group one forward and rest back
3		9		15			0		6		12
1300	1300	1300		1700	1700	1700
200

#bring down group one
4		10		16
1450	1450	1450
200	

#raise legs 0,2,4(group two)
1		7		13
1200	1200	1200
200	

# move group two forward and group 1 back
3		9		15			0		6		12
1700	1700	1700		1300	1300	1300
200

#bring down group two
1		7		13
1450	1450	1450
200	
~

@turnCC
0
#turns Counter Clockwise

#raise legs 1,3,5(group one)
4		10		16
1200	1200	1200
200	

# move group one forward and rest back
3		9		15			0		6		12
1700	1700	1700		1300	1300	1300
200

#bring down group one
4		10		16
1450	1450	1450
200	

#raise legs 0,2,4(group two)
1		7		13
1200	1200	1200
200	

# move group two forward and group 1 back
3		9		15			0		6		12
1300	1300	1300		1700	1700	1700
200

#bring down group two
1		7		13
1450	1450	1450
200	
~

#-------------------------------------------------------------------------

@turnCSlow
0
#turns Clockwise

#raise legs 1,3,5(group one)
4		10		16
1200	1200	1200
200	

# move group one forward and rest back
3		9		15			0		6		12
1400	1400	1400		1600	1600	1600
200

#bring down group one
4		10		16
1450	1450	1450
200	

#raise legs 0,2,4(group two)
1		7		13
1200	1200	1200
200	

# move group two forward and group 1 back
3		9		15			0		6		12
1600	1600	1600		1400	1400	1400
200

#bring down group two
1		7		13
1450	1450	1450
200	
~

@turnCCSlow
0
#turns Counter Clockwise

#raise legs 1,3,5(group one)
4		10		16
1200	1200	1200
200	

# move group one forward and rest back
3		9		15			0		6		12
1600	1600	1600		1400	1400	1400
200

#bring down group one
4		10		16
1450	1450	1450
200	

#raise legs 0,2,4(group two)
1		7		13
1200	1200	1200
200	

# move group two forward and group 1 back
3		9		15			0		6		12
1400	1400	1400		1600	1600	1600
200

#bring down group two
1		7		13
1450	1450	1450
200	
~

#-------------------------------------------------------------------------

@poseTall
0

#lift legs 1 & 4
3		4			12		13
1900	1200		1100	1200
400

#down to normal height
4		13
1450	1450
400

#raise mid legs and lower back legs
4		5			13		14			7		8		10		11
1900	2000		1900	2000		1200	1300	1200	1300
400
~

#-------------------------------------------------------------------------

@clap
0
# Makes the spider clap 4 times

#lift legs 1 & 4
3		4			12		13
1900	1200		1100	1200
400

#down to normal height
4		13
1450	1450
400

#raise mid legs and lower back legs
4		5			13		14			7		8		10		11
1900	2000		1900	2000		1200	1300	1200	1300
400

#lift leg 0 & 5
0		1		2			15		16		17
1500	600		1600		1500	600		2200
300

#position leg 0 & 5
0			15		17
2000		800		1900
200

# clap
17
1700
200

17
1900
200

17
1700
200

17
1900
200

17
1700
200

17
1900
200

17
1700
200

17
1900
200

# undo clap
0		15
1500	1500
200

0		1		2			15		16		17
1500	1450	1550		1500	1450	1550
300

#all legs back to normal height
1		4		7		10		13		16
1450	1450	1450	1450	1450	1450
300
~

#-------------------------------------------------------------------------

@wave
0
# makes the spider wave 4 times

#lift legs 1 & 4
3		4			12		13
1900	1200		1100	1200
400

#down to normal height
4		13
1450	1450
400

#raise mid legs and lower back legs
4		5			13		14			7		8		10		11
1900	2000		1900	2000		1200	1300	1200	1300
400

0		1		2
1000	600		2500
400

#wave 
1
1000
200

1
600
200

1
1000
200

1
600
200

1
1000
200

1
600
200

1
1000
200

1
600
200

# undo hands up
0		15
1500	1500
200

0		1		2			15		16		17
1500	1450	1550		1500	1450	1550
300

#all legs back to normal height
1		4		7		10		13		16
1450	1450	1450	1450	1450	1450
300
~

#-------------------------------------------------------------------------

@threaten
0
# makes the spider do a threatening movement gesture

#lift legs 1 & 4
3		4			12		13
1900	1200		1100	1200
400

#down to normal height
4		13
1450	1450
400

#raise mid legs and lower back legs
4		5			13		14			7		8		10		11
1900	2000		1900	2000		1200	1300	1200	1300
400

# point from legs forward and raise them
0		1		15		16
1800	600		1200	600
300

# threaten
2		17
1800	1300
200

2		17
1300	1800
200

2		17
1800	1300
200

2		17
1300	1800
200

2		17
1800	1300
200

2		17
1300	1800
200

2		17
1800	1300
200

2		17
1300	1800
200

# undo hands up
0		1		2		15		16		17
1500	1450	1550	1500	1450	1550
300

#all legs back to normal height
1		4		7		10		13		16
1450	1450	1450	1450	1450	1450
300
~



@testGait
0

0
1500
500

0
2000
500

0
2500
500
~



















